(14,2) 9
(15,2) 9
(16,2) 9
(17,2) 9
(18,2) 9
(19,2) 9
(20,2) 9

(13,3) 9
(14,3) 9
(15,3) 9
(16,3) 9
(17,3) 9
(18,3) 9
(19,3) 9
(20,3) 9
(21,3) 9

(13,4) 9
(14,4) 9
(15,4) 9
(16,4) 9
(17,4) 9
(18,4) 9
(19,4) 9
(20,4) 9
(21,4) 9

(13,5) 9
(14,5) 9
(15,5) 9
(16,5) 9
(17,5) 9
(18,5) 9
(19,5) 9
(20,5) 9
(21,5) 9

(13,6) 9
(14,6) 9
(15,6) 9
(16,6) 9
(17,6) 9
(18,6) 9
(19,6) 9
(20,6) 9
(21,6) 9

(13,7) 9
(14,7) 9
(15,7) 9
(16,7) 9
(17,7) 9

(13,8) 9
(14,8) 9
(15,8) 9
(16,8) 9
(17,8) 9
(18,8) 9
(19,8) 9
(20,8) 9

(1,9) 9
(12,9) 9
(13,9) 9
(14,9) 9
(15,9) 9
(16,9) 9

(1,10) 9
(10,10) 9
(11,10) 9
(12,10) 9
(13,10) 9
(14,10) 9
(15,10) 9
(16,10) 9

(1,11) 9
(2,11) 9
(8,11) 9
(9,11) 9
(10,11) 9
(11,11) 9
(12,11) 9
(13,11) 9
(14,11) 9
(15,11) 9
(16,11) 9
(17,11) 9
(18,11) 9
(19,11) 9
(20,11) 9

(1,12) 9
(2,12) 9
(3,12) 9
(4,12) 9
(5,12) 9
(6,12) 9
(7,12) 9
(8,12) 9
(9,12) 9
(10,12) 9
(11,12) 9
(12,12) 9
(13,12) 9
(14,12) 9
(15,12) 9
(16,12) 9
(19,12) 9
(20,12) 9

(1,13) 9
(2,13) 9
(3,13) 9
(4,13) 9
(5,13) 9
(6,13) 9
(7,13) 9
(8,13) 9
(9,13) 9
(10,13) 9
(11,13) 9
(12,13) 9
(13,13) 9
(14,13) 9
(15,13) 9
(16,13) 9

(2,14) 9
(3,14) 9
(4,14) 9
(5,14) 9
(6,14) 9
(7,14) 9
(8,14) 9
(9,14) 9
(10,14) 9
(11,14) 9
(12,14) 9
(13,14) 9
(14,14) 9
(15,14) 9
(16,14) 9

(3,15) 9
(4,15) 9
(5,15) 9
(6,15) 9
(7,15) 9
(8,15) 9
(9,15) 9
(10,15) 9
(11,15) 9
(12,15) 9
(13,15) 9
(14,15) 9
(15,15) 9
(16,15) 9

(6,16) 9
(7,16) 9
(8,16) 9
(9,16) 9
(10,16) 9
(11,16) 9
(12,16) 9
(13,16) 9
(14,16) 9
(15,16) 9

(7,17) 9
(8,17) 9
(9,17) 9
(12,17) 9
(13,17) 9
(14,17) 9

(7,18) 9
(8,18) 9
(13,18) 9
(14,18) 9

(7,19) 9
(14,19) 9

(7,20) 9
(8,20) 9
(14,20) 9
(15,20) 9