(4,2) 9
(5,2) 9
(6,2) 9
(7,2) 9
(8,2) 9
(9,2) 9

(2,3) 9
(3,3) 9
(4,3) 14
(5,3) 14
(6,3) 14
(7,3) 14
(8,3) 14
(9,3) 14
(10,3) 9
(11,3) 9

(1,4) 9
(2,4) 14
(3,4) 14
(4,4) 14
(5,4) 14
(6,4) 14
(7,4) 14
(8,4) 14
(9,4) 14
(10,4) 14
(11,4) 14
(12,4) 9

(1,5) 9
(2,5) 14
(3,5) 9
(4,5) 9
(5,5) 9
(6,5) 14
(7,5) 14
(8,5) 14
(9,5) 14
(10,5) 14
(11,5) 9

(0,6) 9
(1,6) 14
(2,6) 14
(3,6) 9
(4,6) 9
(5,6) 9
(6,6) 14
(7,6) 14
(8,6) 14
(9,6) 9
(10,6) 9

(0,7) 9
(1,7) 14
(2,7) 14
(3,7) 14
(4,7) 14
(5,7) 14
(6,7) 14
(7,7) 14
(8,7) 9
(12,7) 9
(13,7) 9
(14,7) 9
	
(0,8) 9
(1,8) 14
(2,8) 14
(3,8) 14
(4,8) 14
(5,8) 14
(6,8) 14
(7,8) 9
(8,8) 9
(12,8) 9
(13,8) 9
(14,8) 9

(1,9) 9
(2,9) 14
(3,9) 14
(4,9) 14
(5,9) 14
(6,9) 14
(7,9) 14
(8,9) 14
(9,9) 9
(10,9) 9

(1,10) 9
(2,10) 14
(3,10) 14
(4,10) 14
(5,10) 14
(6,10) 14
(7,10) 14
(8,10) 14
(9,10) 14
(10,10) 14
(11,10) 14
(12,10) 9

(2,11) 9
(3,11) 9
(4,11) 14
(5,11) 14
(6,11) 14
(7,11) 14
(8,11) 14
(9,11) 14
(10,11) 9
(11,11) 9

(4,12) 9
(5,12) 9
(6,12) 9
(7,12) 9
(8,12) 9
(9,12) 9