(4,2) 9
(5,2) 9
(6,2) 9
(7,2) 9
(8,2) 9
(9,2) 9
(10,2) 9
(11,2) 9

(3,3) 9
(4,3) 14
(5,3) 14
(6,3) 14
(7,3) 14
(8,3) 14
(9,3) 14
(10,3) 14
(11,3) 14
(12,3) 9

(2,4) 9
(3,4) 14
(4,4) 14
(5,4) 14
(6,4) 14
(7,4) 14
(8,4) 14
(9,4) 14
(10,4) 14
(11,4) 14
(12,4) 14
(13,4) 9

(1,5) 9
(2,5) 14
(3,5) 14
(4,5) 14
(5,5) 14
(6,5) 14
(7,5) 14
(8,5) 14
(9,5) 14
(10,5) 14
(11,5) 14
(12,5) 14
(13,5) 14
(14,5) 9

(0,6) 9
(1,6) 14
(2,6) 14
(3,6) 14
(4,6) 14
(5,6) 9
(6,6) 9
(7,6) 14
(8,6) 14
(9,6) 9
(10,6) 9
(11,6) 14
(12,6) 14
(13,6) 14
(14,6) 14
(15,6) 9

(0,7) 9
(1,7) 14
(2,7) 14
(3,7) 14
(4,7) 14
(5,7) 9
(6,7) 9
(7,7) 14
(8,7) 14
(9,7) 9
(10,7) 9
(11,7) 14
(12,7) 14
(13,7) 14
(14,7) 14
(15,7) 9

(0,8) 9
(1,8) 14
(2,8) 14
(3,8) 14
(4,8) 14
(5,8) 14
(6,8) 14
(7,8) 14
(8,8) 14
(9,8) 14
(10,8) 14
(11,8) 14
(12,8) 14
(13,8) 14
(14,8) 14
(15,8) 9

(0,9) 9
(1,9) 14
(2,9) 14
(3,9) 14
(4,9) 9
(5,9) 14
(6,9) 14
(7,9) 14
(8,9) 14
(9,9) 14
(10,9) 14
(11,9) 9
(12,9) 14
(13,9) 14
(14,9) 14
(15,9) 9

(0,10) 9
(1,10) 14
(2,10) 14
(3,10) 14
(4,10) 14
(5,10) 9
(6,10) 14
(7,10) 14
(8,10) 14
(9,10) 14
(10,10) 9
(11,10) 14
(12,10) 14
(13,10) 14
(14,10) 14
(15,10) 9

(1,11) 9
(2,11) 14
(3,11) 14
(4,11) 14
(5,11) 14
(6,11) 9
(7,11) 9
(8,11) 9
(9,11) 9
(10,11) 14
(11,11) 14
(12,11) 14
(13,11) 14
(14,11) 9

(2,12) 9
(3,12) 14
(4,12) 14
(5,12) 14
(6,12) 14
(7,12) 14
(8,12) 14
(9,12) 14
(10,12) 14
(11,12) 14
(12,12) 14
(13,12) 9

(3,13) 9
(4,13) 14
(5,13) 14
(6,13) 14
(7,13) 14
(8,13) 14
(9,13) 14
(10,13) 14
(11,13) 14
(12,13) 9

(4,14) 9
(5,14) 9
(6,14) 9
(7,14) 9
(8,14) 9
(9,14) 9
(10,14) 9
(11,14) 9
